Initial guess v
begin
 0    0    0    0    0    0    0    0    0    
 0    0    0    0    0    0    0    0    0.34202    
 0    0    0    0    0    0    0    0    0.34202    
 0    0    0    0    0    0    0    0    0.34202    
 0    0    0    0    0    0    0    0    0.34202    
 0    0    0    0    0    0    0    0    0.34202    
 0    0    0    0    0    0    0    0    0.34202    
 0    0    0    0    0    0    0    0    0.34202    
 0    0    0    0    0    0    0    0    0    
end
Time = 0.01
Relative residual = 1.43214e-08
Good = yes
Final result v
begin
 0    0    0    0    0    0    0    0    0    
 0    -0.011823    -0.0148569    -0.010899    0.000682205    0.0230248    0.0643579    0.147273    0.34202    
 0    -0.016811    -0.0210811    -0.0137971    0.00622813    0.0426862    0.10276    0.198341    0.34202    
 0    -0.0187155    -0.0232362    -0.0138124    0.0109669    0.0543585    0.121283    0.216939    0.34202    
 0    -0.0191917    -0.0237117    -0.0135604    0.0127188    0.0581275    0.126701    0.221743    0.34202    
 0    -0.0187155    -0.0232362    -0.0138124    0.0109669    0.0543585    0.121283    0.216939    0.34202    
 0    -0.016811    -0.0210811    -0.0137971    0.00622813    0.0426862    0.10276    0.198341    0.34202    
 0    -0.011823    -0.0148569    -0.010899    0.000682205    0.0230248    0.0643579    0.147273    0.34202    
 0    0    0    0    0    0    0    0    0    
end
#VRML V2.0 utf8

Shape {
appearance Appearance {
material Material { diffuseColor 0 0 1 }
}
    geometry ElevationGrid {
height [  0   0   0   0   0   0   0   0   0   0   -0.011823   -0.0148569   -0.010899   0.000682205   0.0230248   0.0643579   0.147273   0.34202   0   -0.016811   -0.0210811   -0.0137971   0.00622813   0.0426862   0.10276   0.198341   0.34202   0   -0.0187155   -0.0232362   -0.0138124   0.0109669   0.0543585   0.121283   0.216939   0.34202   0   -0.0191917   -0.0237117   -0.0135604   0.0127188   0.0581275   0.126701   0.221743   0.34202   0   -0.0187155   -0.0232362   -0.0138124   0.0109669   0.0543585   0.121283   0.216939   0.34202   0   -0.016811   -0.0210811   -0.0137971   0.00622813   0.0426862   0.10276   0.198341   0.34202   0   -0.011823   -0.0148569   -0.010899   0.000682205   0.0230248   0.0643579   0.147273   0.34202   0   0   0   0   0   0   0   0   0    ]
xDimension 9
zDimension 9
xSpacing 0.125
zSpacing 0.125
}
}
